1 101 0 0 16 1 0 1 4 320
1 101 1 1 15 1 0 1 5 320
1 101 2 2 14 1 0 1 6 320
1 101 3 3 13 1 0 1 7 320
1 101 4 4 12 1 0 1 8 320
1 101 5 5 11 1 0 1 9 320
1 101 6 6 10 1 0 1 10 320
1 101 7 7 9 1 0 1 11 320
1 101 8 8 8 1 0 2 0 320
1 101 9 9 7 1 0 2 1 320
1 101 10 10 6 1 0 2 2 320
1 101 11 11 5 1 0 2 3 320
1 101 12 12 4 1 0 2 4 320
1 101 13 13 3 1 0 2 5 320
1 101 14 14 2 1 0 2 6 320
1 101 15 15 1 1 0 2 7 320
1 101 16 16 32 1 0 0 0 320
1 101 17 17 31 1 0 0 1 320
1 101 18 18 30 1 0 0 2 320
1 101 19 19 29 1 0 0 3 320
1 101 20 20 28 1 0 0 4 320
1 101 21 21 27 1 0 0 5 320
1 101 22 22 26 1 0 0 6 320
1 101 23 23 25 1 0 0 7 320
1 101 24 24 24 1 0 0 8 320
1 101 25 25 23 1 0 0 9 320
1 101 26 26 22 1 0 0 10 320
1 101 27 27 21 1 0 0 11 320
1 101 28 28 20 1 0 1 0 320
1 101 29 29 19 1 0 1 1 320
1 101 30 30 18 1 0 1 2 320
1 101 31 31 17 1 0 1 3 320
2 102 0 32 16 1 0 4 0 320
2 102 1 33 15 1 0 4 1 320
2 102 2 34 14 1 0 4 2 320
2 102 3 35 13 1 0 4 3 320
2 102 4 36 12 1 0 4 4 320
2 102 5 37 11 1 0 4 5 320
2 102 6 38 10 1 0 4 6 320
2 102 7 39 9 1 0 4 7 320
2 102 8 40 8 1 0 4 8 320
2 102 9 41 7 1 0 4 9 320
2 102 10 42 6 1 0 4 10 320
2 102 11 43 5 1 0 4 11 320
2 102 12 44 4 1 0 5 0 320
2 102 13 45 3 1 0 5 1 320
2 102 14 46 2 1 0 5 2 320
2 102 15 47 1 1 0 5 3 320
2 102 16 48 32 1 0 2 8 320
2 102 17 49 31 1 0 2 9 320
2 102 18 50 30 1 0 2 10 320
2 102 19 51 29 1 0 2 11 320
2 102 20 52 28 1 0 3 0 320
2 102 21 53 27 1 0 3 1 320
2 102 22 54 26 1 0 3 2 320
2 102 23 55 25 1 0 3 3 320
2 102 24 56 24 1 0 3 4 320
2 102 25 57 23 1 0 3 5 320
2 102 26 58 22 1 0 3 6 320
2 102 27 59 21 1 0 3 7 320
2 102 28 60 20 1 0 3 8 320
2 102 29 61 19 1 0 3 9 320
2 102 30 62 18 1 0 3 10 320
2 102 31 63 17 1 0 3 11 320
3 103 0 64 16 1 0 6 8 320
3 103 1 65 15 1 0 6 9 320
3 103 2 66 14 1 0 6 10 320
3 103 3 67 13 1 0 6 11 320
3 103 4 68 12 1 0 7 0 320
3 103 5 69 11 1 0 7 1 320
3 103 6 70 10 1 0 7 2 320
3 103 7 71 9 1 0 7 3 320
3 103 8 72 8 1 0 7 4 320
3 103 9 73 7 1 0 7 5 320
3 103 10 74 6 1 0 7 6 320
3 103 11 75 5 1 0 7 7 320
3 103 12 76 4 1 0 7 8 320
3 103 13 77 3 1 0 7 9 320
3 103 14 78 2 1 0 7 10 320
3 103 15 79 1 1 0 7 11 320
3 103 16 80 32 1 0 5 4 320
3 103 17 81 31 1 0 5 5 320
3 103 18 82 30 1 0 5 6 320
3 103 19 83 29 1 0 5 7 320
3 103 20 84 28 1 0 5 8 320
3 103 21 85 27 1 0 5 9 320
3 103 22 86 26 1 0 5 10 320
3 103 23 87 25 1 0 5 11 320
3 103 24 88 24 1 0 6 0 320
3 103 25 89 23 1 0 6 1 320
3 103 26 90 22 1 0 6 2 320
3 103 27 91 21 1 0 6 3 320
3 103 28 92 20 1 0 6 4 320
3 103 29 93 19 1 0 6 5 320
3 103 30 94 18 1 0 6 6 320
3 103 31 95 17 1 0 6 7 320
4 104 0 96 16 1 0 9 4 320
4 104 1 97 15 1 0 9 5 320
4 104 2 98 14 1 0 9 6 320
4 104 3 99 13 1 0 9 7 320
4 104 4 100 12 1 0 9 8 320
4 104 5 101 11 1 0 9 9 320
4 104 6 102 10 1 0 9 10 320
4 104 7 103 9 1 0 9 11 320
4 104 8 104 8 1 0 10 0 320
4 104 9 105 7 1 0 10 1 320
4 104 10 106 6 1 0 10 2 320
4 104 11 107 5 1 0 10 3 320
4 104 12 108 4 1 0 10 4 320
4 104 13 109 3 1 0 10 5 320
4 104 14 110 2 1 0 10 6 320
4 104 15 111 1 1 0 10 7 320
4 104 16 112 32 1 0 8 0 320
4 104 17 113 31 1 0 8 1 320
4 104 18 114 30 1 0 8 2 320
4 104 19 115 29 1 0 8 3 320
4 104 20 116 28 1 0 8 4 320
4 104 21 117 27 1 0 8 5 320
4 104 22 118 26 1 0 8 6 320
4 104 23 119 25 1 0 8 7 320
4 104 24 120 24 1 0 8 8 320
4 104 25 121 23 1 0 8 9 320
4 104 26 122 22 1 0 8 10 320
4 104 27 123 21 1 0 8 11 320
4 104 28 124 20 1 0 9 0 320
4 104 29 125 19 1 0 9 1 320
4 104 30 126 18 1 0 9 2 320
4 104 31 127 17 1 0 9 3 320
5 105 0 128 16 1 0 12 0 320
5 105 1 129 15 1 0 12 1 320
5 105 2 130 14 1 0 12 2 320
5 105 3 131 13 1 0 12 3 320
5 105 4 132 12 1 0 12 4 320
5 105 5 133 11 1 0 12 5 320
5 105 6 134 10 1 0 12 6 320
5 105 7 135 9 1 0 12 7 320
5 105 8 136 8 1 0 12 8 320
5 105 9 137 7 1 0 12 9 320
5 105 10 138 6 1 0 12 10 320
5 105 11 139 5 1 0 12 11 320
5 105 12 140 4 1 0 13 0 320
5 105 13 141 3 1 0 13 1 320
5 105 14 142 2 1 0 13 2 320
5 105 15 143 1 1 0 13 3 320
5 105 16 144 32 1 0 10 8 320
5 105 17 145 31 1 0 10 9 320
5 105 18 146 30 1 0 10 10 320
5 105 19 147 29 1 0 10 11 320
5 105 20 148 28 1 0 11 0 320
5 105 21 149 27 1 0 11 1 320
5 105 22 150 26 1 0 11 2 320
5 105 23 151 25 1 0 11 3 320
5 105 24 152 24 1 0 11 4 320
5 105 25 153 23 1 0 11 5 320
5 105 26 154 22 1 0 11 6 320
5 105 27 155 21 1 0 11 7 320
5 105 28 156 20 1 0 11 8 320
5 105 29 157 19 1 0 11 9 320
5 105 30 158 18 1 0 11 10 320
5 105 31 159 17 1 0 11 11 320
6 106 0 160 16 1 0 14 8 320
6 106 1 161 15 1 0 14 9 320
6 106 2 162 14 1 0 14 10 320
6 106 3 163 13 1 0 14 11 320
6 106 4 164 12 1 0 15 0 320
6 106 5 165 11 1 0 15 1 320
6 106 6 166 10 1 0 15 2 320
6 106 7 167 9 1 0 15 3 320
6 106 8 168 8 1 0 15 4 320
6 106 9 169 7 1 0 15 5 320
6 106 10 170 6 1 0 15 6 320
6 106 11 171 5 1 0 15 7 320
6 106 12 172 4 1 0 15 8 320
6 106 13 173 3 1 0 15 9 320
6 106 14 174 2 1 0 15 10 320
6 106 15 175 1 1 0 15 11 320
6 106 16 176 32 1 0 13 4 320
6 106 17 177 31 1 0 13 5 320
6 106 18 178 30 1 0 13 6 320
6 106 19 179 29 1 0 13 7 320
6 106 20 180 28 1 0 13 8 320
6 106 21 181 27 1 0 13 9 320
6 106 22 182 26 1 0 13 10 320
6 106 23 183 25 1 0 13 11 320
6 106 24 184 24 1 0 14 0 320
6 106 25 185 23 1 0 14 1 320
6 106 26 186 22 1 0 14 2 320
6 106 27 187 21 1 0 14 3 320
6 106 28 188 20 1 0 14 4 320
6 106 29 189 19 1 0 14 5 320
6 106 30 190 18 1 0 14 6 320
6 106 31 191 17 1 0 14 7 320
7 107 0 192 16 1 0 17 4 320
7 107 1 193 15 1 0 17 5 320
7 107 2 194 14 1 0 17 6 320
7 107 3 195 13 1 0 17 7 320
7 107 4 196 12 1 0 17 8 320
7 107 5 197 11 1 0 17 9 320
7 107 6 198 10 1 0 17 10 320
7 107 7 199 9 1 0 17 11 320
7 107 8 200 8 1 0 18 0 320
7 107 9 201 7 1 0 18 1 320
7 107 10 202 6 1 0 18 2 320
7 107 11 203 5 1 0 18 3 320
7 107 12 204 4 1 0 18 4 320
7 107 13 205 3 1 0 18 5 320
7 107 14 206 2 1 0 18 6 320
7 107 15 207 1 1 0 18 7 320
7 107 16 208 32 1 0 16 0 320
7 107 17 209 31 1 0 16 1 320
7 107 18 210 30 1 0 16 2 320
7 107 19 211 29 1 0 16 3 320
7 107 20 212 28 1 0 16 4 320
7 107 21 213 27 1 0 16 5 320
7 107 22 214 26 1 0 16 6 320
7 107 23 215 25 1 0 16 7 320
7 107 24 216 24 1 0 16 8 320
7 107 25 217 23 1 0 16 9 320
7 107 26 218 22 1 0 16 10 320
7 107 27 219 21 1 0 16 11 320
7 107 28 220 20 1 0 17 0 320
7 107 29 221 19 1 0 17 1 320
7 107 30 222 18 1 0 17 2 320
7 107 31 223 17 1 0 17 3 320
8 108 0 224 16 1 0 20 0 320
8 108 1 225 15 1 0 20 1 320
8 108 2 226 14 1 0 20 2 320
8 108 3 227 13 1 0 20 3 320
8 108 4 228 12 1 0 20 4 320
8 108 5 229 11 1 0 20 5 320
8 108 6 230 10 1 0 20 6 320
8 108 7 231 9 1 0 20 7 320
8 108 8 232 8 1 0 20 8 320
8 108 9 233 7 1 0 20 9 320
8 108 10 234 6 1 0 20 10 320
8 108 11 235 5 1 0 20 11 320
8 108 12 236 4 1 0 21 0 320
8 108 13 237 3 1 0 21 1 320
8 108 14 238 2 1 0 21 2 320
8 108 15 239 1 1 0 21 3 320
8 108 16 280 32 1 0 18 8 320
8 108 17 241 31 1 0 18 9 320
8 108 18 242 30 1 0 18 10 320
8 108 19 243 29 1 0 18 11 320
8 108 20 244 28 1 0 19 0 320
8 108 21 245 27 1 0 19 1 320
8 108 22 246 26 1 0 19 2 320
8 108 23 247 25 1 0 19 3 320
8 108 24 248 24 1 0 19 4 320
8 108 25 249 23 1 0 19 5 320
8 108 26 250 22 1 0 19 6 320
8 108 27 251 21 1 0 19 7 320
8 108 28 252 20 1 0 19 8 320
8 108 29 253 19 1 0 19 9 320
8 108 30 254 18 1 0 19 10 320
8 108 31 255 17 1 0 19 11 320
9 109 0 256 16 1 0 22 8 320
9 109 1 257 15 1 0 22 9 320
9 109 2 258 14 1 0 22 10 320
9 109 3 259 13 1 0 22 11 320
9 109 4 260 12 1 0 23 0 320
9 109 5 261 11 1 0 23 1 320
9 109 6 262 10 1 0 23 2 320
9 109 7 263 9 1 0 23 3 320
9 109 8 264 8 1 0 23 4 320
9 109 9 265 7 1 0 23 5 320
9 109 10 266 6 1 0 23 6 320
9 109 11 267 5 1 0 23 7 320
9 109 12 268 4 1 0 23 8 320
9 109 13 269 3 1 0 23 9 320
9 109 14 270 2 1 0 23 10 320
9 109 15 271 1 1 0 23 11 320
9 109 16 272 32 1 0 21 4 320
9 109 17 273 31 1 0 21 5 320
9 109 18 274 30 1 0 21 6 320
9 109 19 275 29 1 0 21 7 320
9 109 20 276 28 1 0 21 8 320
9 109 21 277 27 1 0 21 9 320
9 109 22 278 26 1 0 21 10 320
9 109 23 279 25 1 0 21 11 320
9 109 24 320 24 1 0 22 0 320
9 109 25 281 23 1 0 22 1 320
9 109 26 282 22 1 0 22 2 320
9 109 27 283 21 1 0 22 3 320
9 109 28 284 20 1 0 22 4 320
9 109 29 285 19 1 0 22 5 320
9 109 30 286 18 1 0 22 6 320
9 109 31 287 17 1 0 22 7 320
10 110 0 288 16 0 0 1 4 280
10 110 1 289 15 0 0 1 5 280
10 110 2 290 14 0 0 1 6 280
10 110 3 291 13 0 0 1 7 280
10 110 4 292 12 0 0 1 8 280
10 110 5 293 11 0 0 1 9 280
10 110 6 294 10 0 0 1 10 280
10 110 7 295 9 0 0 1 11 280
10 110 8 296 8 0 0 2 0 280
10 110 9 297 7 0 0 2 1 280
10 110 10 298 6 0 0 2 2 280
10 110 11 299 5 0 0 2 3 280
10 110 12 300 4 0 0 2 4 280
10 110 13 301 3 0 0 2 5 280
10 110 14 302 2 0 0 2 6 280
10 110 15 303 1 0 0 2 7 280
10 110 16 304 32 0 0 0 0 280
10 110 17 305 31 0 0 0 1 280
10 110 18 306 30 0 0 0 2 280
10 110 19 307 29 0 0 0 3 280
10 110 20 308 28 0 0 0 4 280
10 110 21 309 27 0 0 0 5 280
10 110 22 310 26 0 0 0 6 280
10 110 23 311 25 0 0 0 7 280
10 110 24 312 24 0 0 0 8 280
10 110 25 313 23 0 0 0 9 280
10 110 26 314 22 0 0 0 10 280
10 110 27 315 21 0 0 0 11 280
10 110 28 316 20 0 0 1 0 280
10 110 29 317 19 0 0 1 1 280
10 110 30 318 18 0 0 1 2 280
10 110 31 319 17 0 0 1 3 280
11 111 0 320 16 0 0 4 0 280
11 111 1 321 15 0 0 4 1 280
11 111 2 322 14 0 0 4 2 280
11 111 3 323 13 0 0 4 3 280
11 111 4 324 12 0 0 4 4 280
11 111 5 325 11 0 0 4 5 280
11 111 6 326 10 0 0 4 6 280
11 111 7 327 9 0 0 4 7 280
11 111 8 328 8 0 0 4 8 280
11 111 9 329 7 0 0 4 9 280
11 111 10 330 6 0 0 4 10 280
11 111 11 331 5 0 0 4 11 280
11 111 12 332 4 0 0 5 0 280
11 111 13 333 3 0 0 5 1 280
11 111 14 334 2 0 0 5 2 280
11 111 15 335 1 0 0 5 3 280
11 111 16 336 32 0 0 2 8 280
11 111 17 337 31 0 0 2 9 280
11 111 18 338 30 0 0 2 10 280
11 111 19 339 29 0 0 2 11 280
11 111 20 340 28 0 0 3 0 280
11 111 21 341 27 0 0 3 1 280
11 111 22 342 26 0 0 3 2 280
11 111 23 343 25 0 0 3 3 280
11 111 24 344 24 0 0 3 4 280
11 111 25 345 23 0 0 3 5 280
11 111 26 346 22 0 0 3 6 280
11 111 27 347 21 0 0 3 7 280
11 111 28 348 20 0 0 3 8 280
11 111 29 349 19 0 0 3 9 280
11 111 30 350 18 0 0 3 10 280
11 111 31 351 17 0 0 3 11 280
12 112 0 352 16 0 0 6 8 280
12 112 1 353 15 0 0 6 9 280
12 112 2 354 14 0 0 6 10 280
12 112 3 355 13 0 0 6 11 280
12 112 4 356 12 0 0 7 0 280
12 112 5 357 11 0 0 7 1 280
12 112 6 358 10 0 0 7 2 280
12 112 7 359 9 0 0 7 3 280
12 112 8 360 8 0 0 7 4 280
12 112 9 361 7 0 0 7 5 280
12 112 10 362 6 0 0 7 6 280
12 112 11 363 5 0 0 7 7 280
12 112 12 364 4 0 0 7 8 280
12 112 13 365 3 0 0 7 9 280
12 112 14 366 2 0 0 7 10 280
12 112 15 367 1 0 0 7 11 280
12 112 16 368 32 0 0 5 4 280
12 112 17 369 31 0 0 5 5 280
12 112 18 370 30 0 0 5 6 280
12 112 19 371 29 0 0 5 7 280
12 112 20 372 28 0 0 5 8 280
12 112 21 373 27 0 0 5 9 280
12 112 22 374 26 0 0 5 10 280
12 112 23 375 25 0 0 5 11 280
12 112 24 376 24 0 0 6 0 280
12 112 25 377 23 0 0 6 1 280
12 112 26 378 22 0 0 6 2 280
12 112 27 379 21 0 0 6 3 280
12 112 28 380 20 0 0 6 4 280
12 112 29 381 19 0 0 6 5 280
12 112 30 382 18 0 0 6 6 280
12 112 31 383 17 0 0 6 7 280
13 113 0 384 16 0 0 9 4 280
13 113 1 385 15 0 0 9 5 280
13 113 2 386 14 0 0 9 6 280
13 113 3 387 13 0 0 9 7 280
13 113 4 388 12 0 0 9 8 280
13 113 5 389 11 0 0 9 9 280
13 113 6 390 10 0 0 9 10 280
13 113 7 391 9 0 0 9 11 280
13 113 8 392 8 0 0 10 0 280
13 113 9 393 7 0 0 10 1 280
13 113 10 394 6 0 0 10 2 280
13 113 11 395 5 0 0 10 3 280
13 113 12 396 4 0 0 10 4 280
13 113 13 397 3 0 0 10 5 280
13 113 14 398 2 0 0 10 6 280
13 113 15 399 1 0 0 10 7 280
13 113 16 400 32 0 0 8 0 280
13 113 17 401 31 0 0 8 1 280
13 113 18 402 30 0 0 8 2 280
13 113 19 403 29 0 0 8 3 280
13 113 20 404 28 0 0 8 4 280
13 113 21 405 27 0 0 8 5 280
13 113 22 406 26 0 0 8 6 280
13 113 23 407 25 0 0 8 7 280
13 113 24 408 24 0 0 8 8 280
13 113 25 409 23 0 0 8 9 280
13 113 26 410 22 0 0 8 10 280
13 113 27 411 21 0 0 8 11 280
13 113 28 412 20 0 0 9 0 280
13 113 29 413 19 0 0 9 1 280
13 113 30 414 18 0 0 9 2 280
13 113 31 415 17 0 0 9 3 280
14 114 0 416 16 0 0 12 0 280
14 114 1 417 15 0 0 12 1 280
14 114 2 418 14 0 0 12 2 280
14 114 3 419 13 0 0 12 3 280
14 114 4 420 12 0 0 12 4 280
14 114 5 421 11 0 0 12 5 280
14 114 6 422 10 0 0 12 6 280
14 114 7 423 9 0 0 12 7 280
14 114 8 424 8 0 0 12 8 280
14 114 9 425 7 0 0 12 9 280
14 114 10 426 6 0 0 12 10 280
14 114 11 427 5 0 0 12 11 280
14 114 12 428 4 0 0 13 0 280
14 114 13 429 3 0 0 13 1 280
14 114 14 430 2 0 0 13 2 280
14 114 15 431 1 0 0 13 3 280
14 114 16 432 32 0 0 10 8 280
14 114 17 433 31 0 0 10 9 280
14 114 18 434 30 0 0 10 10 280
14 114 19 435 29 0 0 10 11 280
14 114 20 436 28 0 0 11 0 280
14 114 21 437 27 0 0 11 1 280
14 114 22 438 26 0 0 11 2 280
14 114 23 439 25 0 0 11 3 280
14 114 24 440 24 0 0 11 4 280
14 114 25 441 23 0 0 11 5 280
14 114 26 442 22 0 0 11 6 280
14 114 27 443 21 0 0 11 7 280
14 114 28 444 20 0 0 11 8 280
14 114 29 445 19 0 0 11 9 280
14 114 30 446 18 0 0 11 10 280
14 114 31 447 17 0 0 11 11 280
15 115 0 448 16 0 0 14 8 280
15 115 1 449 15 0 0 14 9 280
15 115 2 450 14 0 0 14 10 280
15 115 3 451 13 0 0 14 11 280
15 115 4 452 12 0 0 15 0 280
15 115 5 453 11 0 0 15 1 280
15 115 6 454 10 0 0 15 2 280
15 115 7 455 9 0 0 15 3 280
15 115 8 456 8 0 0 15 4 280
15 115 9 457 7 0 0 15 5 280
15 115 10 458 6 0 0 15 6 280
15 115 11 459 5 0 0 15 7 280
15 115 12 460 4 0 0 15 8 280
15 115 13 461 3 0 0 15 9 280
15 115 14 462 2 0 0 15 10 280
15 115 15 463 1 0 0 15 11 280
15 115 16 464 32 0 0 13 4 280
15 115 17 465 31 0 0 13 5 280
15 115 18 466 30 0 0 13 6 280
15 115 19 467 29 0 0 13 7 280
15 115 20 468 28 0 0 13 8 280
15 115 21 469 27 0 0 13 9 280
15 115 22 470 26 0 0 13 10 280
15 115 23 471 25 0 0 13 11 280
15 115 24 472 24 0 0 14 0 280
15 115 25 473 23 0 0 14 1 280
15 115 26 474 22 0 0 14 2 280
15 115 27 475 21 0 0 14 3 280
15 115 28 476 20 0 0 14 4 280
15 115 29 477 19 0 0 14 5 280
15 115 30 478 18 0 0 14 6 280
15 115 31 479 17 0 0 14 7 280
16 116 0 480 16 0 0 17 4 280
16 116 1 481 15 0 0 17 5 280
16 116 2 482 14 0 0 17 6 280
16 116 3 483 13 0 0 17 7 280
16 116 4 484 12 0 0 17 8 280
16 116 5 485 11 0 0 17 9 280
16 116 6 486 10 0 0 17 10 280
16 116 7 487 9 0 0 17 11 280
16 116 8 488 8 0 0 18 0 280
16 116 9 489 7 0 0 18 1 280
16 116 10 490 6 0 0 18 2 280
16 116 11 491 5 0 0 18 3 280
16 116 12 492 4 0 0 18 4 280
16 116 13 493 3 0 0 18 5 280
16 116 14 494 2 0 0 18 6 280
16 116 15 495 1 0 0 18 7 280
16 116 16 496 32 0 0 16 0 280
16 116 17 497 31 0 0 16 1 280
16 116 18 498 30 0 0 16 2 280
16 116 19 499 29 0 0 16 3 280
16 116 20 500 28 0 0 16 4 280
16 116 21 501 27 0 0 16 5 280
16 116 22 502 26 0 0 16 6 280
16 116 23 503 25 0 0 16 7 280
16 116 24 504 24 0 0 16 8 280
16 116 25 505 23 0 0 16 9 280
16 116 26 506 22 0 0 16 10 280
16 116 27 507 21 0 0 16 11 280
16 116 28 508 20 0 0 17 0 280
16 116 29 509 19 0 0 17 1 280
16 116 30 510 18 0 0 17 2 280
16 116 31 511 17 0 0 17 3 280
17 117 0 512 16 0 0 20 0 280
17 117 1 513 15 0 0 20 1 280
17 117 2 514 14 0 0 20 2 280
17 117 3 515 13 0 0 20 3 280
17 117 4 516 12 0 0 20 4 280
17 117 5 517 11 0 0 20 5 280
17 117 6 518 10 0 0 20 6 280
17 117 7 519 9 0 0 20 7 280
17 117 8 520 8 0 0 20 8 280
17 117 9 521 7 0 0 20 9 280
17 117 10 522 6 0 0 20 10 280
17 117 11 523 5 0 0 20 11 280
17 117 12 524 4 0 0 21 0 280
17 117 13 525 3 0 0 21 1 280
17 117 14 526 2 0 0 21 2 280
17 117 15 527 1 0 0 21 3 280
17 117 16 528 32 0 0 18 8 280
17 117 17 529 31 0 0 18 9 280
17 117 18 530 30 0 0 18 10 280
17 117 19 531 29 0 0 18 11 280
17 117 20 532 28 0 0 19 0 280
17 117 21 533 27 0 0 19 1 280
17 117 22 534 26 0 0 19 2 280
17 117 23 535 25 0 0 19 3 280
17 117 24 536 24 0 0 19 4 280
17 117 25 537 23 0 0 19 5 280
17 117 26 538 22 0 0 19 6 280
17 117 27 539 21 0 0 19 7 280
17 117 28 540 20 0 0 19 8 280
17 117 29 541 19 0 0 19 9 280
17 117 30 542 18 0 0 19 10 280
17 117 31 543 17 0 0 19 11 280
18 118 0 544 16 0 0 22 8 280
18 118 1 545 15 0 0 22 9 280
18 118 2 546 14 0 0 22 10 280
18 118 3 547 13 0 0 22 11 280
18 118 4 548 12 0 0 23 0 280
18 118 5 549 11 0 0 23 1 280
18 118 6 550 10 0 0 23 2 280
18 118 7 551 9 0 0 23 3 280
18 118 8 552 8 0 0 23 4 280
18 118 9 553 7 0 0 23 5 280
18 118 10 554 6 0 0 23 6 280
18 118 11 555 5 0 0 23 7 280
18 118 12 556 4 0 0 23 8 280
18 118 13 557 3 0 0 23 9 280
18 118 14 558 2 0 0 23 10 280
18 118 15 559 1 0 0 23 11 280
18 118 16 560 32 0 0 21 4 280
18 118 17 561 31 0 0 21 5 280
18 118 18 562 30 0 0 21 6 280
18 118 19 563 29 0 0 21 7 280
18 118 20 564 28 0 0 21 8 280
18 118 21 565 27 0 0 21 9 280
18 118 22 566 26 0 0 21 10 280
18 118 23 567 25 0 0 21 11 280
18 118 24 568 24 0 0 22 0 280
18 118 25 569 23 0 0 22 1 280
18 118 26 570 22 0 0 22 2 280
18 118 27 571 21 0 0 22 3 280
18 118 28 572 20 0 0 22 4 280
18 118 29 573 19 0 0 22 5 280
18 118 30 574 18 0 0 22 6 280
18 118 31 575 17 0 0 22 7 280
19 119 0 576 16 1 1 2 7 320
19 119 1 577 15 1 1 2 6 320
19 119 2 578 14 1 1 2 5 320
19 119 3 579 13 1 1 2 4 320
19 119 4 580 12 1 1 2 3 320
19 119 5 581 11 1 1 2 2 320
19 119 6 582 10 1 1 2 1 320
19 119 7 583 9 1 1 2 0 320
19 119 8 584 8 1 1 1 11 320
19 119 9 585 7 1 1 1 10 320
19 119 10 586 6 1 1 1 9 320
19 119 11 587 5 1 1 1 8 320
19 119 12 588 4 1 1 1 7 320
19 119 13 589 3 1 1 1 6 320
19 119 14 590 2 1 1 1 5 320
19 119 15 591 1 1 1 1 4 320
19 119 16 592 32 1 1 1 3 320
19 119 17 593 31 1 1 1 2 320
19 119 18 594 30 1 1 1 1 320
19 119 19 595 29 1 1 1 0 320
19 119 20 596 28 1 1 0 11 320
19 119 21 597 27 1 1 0 10 320
19 119 22 598 26 1 1 0 9 320
19 119 23 599 25 1 1 0 8 320
19 119 24 600 24 1 1 0 7 320
19 119 25 601 23 1 1 0 6 320
19 119 26 602 22 1 1 0 5 320
19 119 27 603 21 1 1 0 4 320
19 119 28 604 20 1 1 0 3 320
19 119 29 605 19 1 1 0 2 320
19 119 30 606 18 1 1 0 1 320
19 119 31 607 17 1 1 0 0 320
20 120 0 608 16 1 1 5 3 320
20 120 1 609 15 1 1 5 2 320
20 120 2 610 14 1 1 5 1 320
20 120 3 611 13 1 1 5 0 320
20 120 4 612 12 1 1 4 11 320
20 120 5 613 11 1 1 4 10 320
20 120 6 614 10 1 1 4 9 320
20 120 7 615 9 1 1 4 8 320
20 120 8 616 8 1 1 4 7 320
20 120 9 617 7 1 1 4 6 320
20 120 10 618 6 1 1 4 5 320
20 120 11 619 5 1 1 4 4 320
20 120 12 620 4 1 1 4 3 320
20 120 13 621 3 1 1 4 2 320
20 120 14 622 2 1 1 4 1 320
20 120 15 623 1 1 1 4 0 320
20 120 16 624 32 1 1 3 11 320
20 120 17 625 31 1 1 3 10 320
20 120 18 626 30 1 1 3 9 320
20 120 19 627 29 1 1 3 8 320
20 120 20 628 28 1 1 3 7 320
20 120 21 629 27 1 1 3 6 320
20 120 22 630 26 1 1 3 5 320
20 120 23 631 25 1 1 3 4 320
20 120 24 632 24 1 1 3 3 320
20 120 25 633 23 1 1 3 2 320
20 120 26 634 22 1 1 3 1 320
20 120 27 635 21 1 1 3 0 320
20 120 28 636 20 1 1 2 11 320
20 120 29 637 19 1 1 2 10 320
20 120 30 638 18 1 1 2 9 320
20 120 31 639 17 1 1 2 8 320
21 121 0 640 16 1 1 7 11 320
21 121 1 641 15 1 1 7 10 320
21 121 2 642 14 1 1 7 9 320
21 121 3 643 13 1 1 7 8 320
21 121 4 644 12 1 1 7 7 320
21 121 5 645 11 1 1 7 6 320
21 121 6 646 10 1 1 7 5 320
21 121 7 647 9 1 1 7 4 320
21 121 8 648 8 1 1 7 3 320
21 121 9 649 7 1 1 7 2 320
21 121 10 650 6 1 1 7 1 320
21 121 11 651 5 1 1 7 0 320
21 121 12 652 4 1 1 6 11 320
21 121 13 653 3 1 1 6 10 320
21 121 14 654 2 1 1 6 9 320
21 121 15 655 1 1 1 6 8 320
21 121 16 656 32 1 1 6 7 320
21 121 17 657 31 1 1 6 6 320
21 121 18 658 30 1 1 6 5 320
21 121 19 659 29 1 1 6 4 320
21 121 20 660 28 1 1 6 3 320
21 121 21 661 27 1 1 6 2 320
21 121 22 662 26 1 1 6 1 320
21 121 23 663 25 1 1 6 0 320
21 121 24 664 24 1 1 5 11 320
21 121 25 665 23 1 1 5 10 320
21 121 26 666 22 1 1 5 9 320
21 121 27 667 21 1 1 5 8 320
21 121 28 668 20 1 1 5 7 320
21 121 29 669 19 1 1 5 6 320
21 121 30 670 18 1 1 5 5 320
21 121 31 671 17 1 1 5 4 320
22 122 0 672 16 1 1 10 7 320
22 122 1 673 15 1 1 10 6 320
22 122 2 674 14 1 1 10 5 320
22 122 3 675 13 1 1 10 4 320
22 122 4 676 12 1 1 10 3 320
22 122 5 677 11 1 1 10 2 320
22 122 6 678 10 1 1 10 1 320
22 122 7 679 9 1 1 10 0 320
22 122 8 680 8 1 1 9 11 320
22 122 9 681 7 1 1 9 10 320
22 122 10 682 6 1 1 9 9 320
22 122 11 683 5 1 1 9 8 320
22 122 12 684 4 1 1 9 7 320
22 122 13 685 3 1 1 9 6 320
22 122 14 686 2 1 1 9 5 320
22 122 15 687 1 1 1 9 4 320
22 122 16 688 32 1 1 9 3 320
22 122 17 689 31 1 1 9 2 320
22 122 18 690 30 1 1 9 1 320
22 122 19 691 29 1 1 9 0 320
22 122 20 692 28 1 1 8 11 320
22 122 21 693 27 1 1 8 10 320
22 122 22 694 26 1 1 8 9 320
22 122 23 695 25 1 1 8 8 320
22 122 24 696 24 1 1 8 7 320
22 122 25 697 23 1 1 8 6 320
22 122 26 698 22 1 1 8 5 320
22 122 27 699 21 1 1 8 4 320
22 122 28 700 20 1 1 8 3 320
22 122 29 701 19 1 1 8 2 320
22 122 30 702 18 1 1 8 1 320
22 122 31 703 17 1 1 8 0 320
23 123 0 704 16 1 1 13 3 320
23 123 1 705 15 1 1 13 2 320
23 123 2 706 14 1 1 13 1 320
23 123 3 707 13 1 1 13 0 320
23 123 4 708 12 1 1 12 11 320
23 123 5 709 11 1 1 12 10 320
23 123 6 710 10 1 1 12 9 320
23 123 7 711 9 1 1 12 8 320
23 123 8 712 8 1 1 12 7 320
23 123 9 713 7 1 1 12 6 320
23 123 10 714 6 1 1 12 5 320
23 123 11 715 5 1 1 12 4 320
23 123 12 716 4 1 1 12 3 320
23 123 13 717 3 1 1 12 2 320
23 123 14 718 2 1 1 12 1 320
23 123 15 719 1 1 1 12 0 320
23 123 16 720 32 1 1 11 11 320
23 123 17 721 31 1 1 11 10 320
23 123 18 722 30 1 1 11 9 320
23 123 19 723 29 1 1 11 8 320
23 123 20 724 28 1 1 11 7 320
23 123 21 725 27 1 1 11 6 320
23 123 22 726 26 1 1 11 5 320
23 123 23 727 25 1 1 11 4 320
23 123 24 728 24 1 1 11 3 320
23 123 25 729 23 1 1 11 2 320
23 123 26 730 22 1 1 11 1 320
23 123 27 731 21 1 1 11 0 320
23 123 28 732 20 1 1 10 11 320
23 123 29 733 19 1 1 10 10 320
23 123 30 734 18 1 1 10 9 320
23 123 31 735 17 1 1 10 8 320
24 124 0 736 16 1 1 15 11 320
24 124 1 737 15 1 1 15 10 320
24 124 2 738 14 1 1 15 9 320
24 124 3 739 13 1 1 15 8 320
24 124 4 740 12 1 1 15 7 320
24 124 5 741 11 1 1 15 6 320
24 124 6 742 10 1 1 15 5 320
24 124 7 743 9 1 1 15 4 320
24 124 8 744 8 1 1 15 3 320
24 124 9 745 7 1 1 15 2 320
24 124 10 746 6 1 1 15 1 320
24 124 11 747 5 1 1 15 0 320
24 124 12 748 4 1 1 14 11 320
24 124 13 749 3 1 1 14 10 320
24 124 14 750 2 1 1 14 9 320
24 124 15 751 1 1 1 14 8 320
24 124 16 752 32 1 1 14 7 320
24 124 17 753 31 1 1 14 6 320
24 124 18 754 30 1 1 14 5 320
24 124 19 755 29 1 1 14 4 320
24 124 20 756 28 1 1 14 3 320
24 124 21 757 27 1 1 14 2 320
24 124 22 758 26 1 1 14 1 320
24 124 23 759 25 1 1 14 0 320
24 124 24 760 24 1 1 13 11 320
24 124 25 761 23 1 1 13 10 320
24 124 26 762 22 1 1 13 9 320
24 124 27 763 21 1 1 13 8 320
24 124 28 764 20 1 1 13 7 320
24 124 29 765 19 1 1 13 6 320
24 124 30 766 18 1 1 13 5 320
24 124 31 767 17 1 1 13 4 320
25 125 0 768 16 1 1 18 7 320
25 125 1 769 15 1 1 18 6 320
25 125 2 770 14 1 1 18 5 320
25 125 3 771 13 1 1 18 4 320
25 125 4 772 12 1 1 18 3 320
25 125 5 773 11 1 1 18 2 320
25 125 6 774 10 1 1 18 1 320
25 125 7 775 9 1 1 18 0 320
25 125 8 776 8 1 1 17 11 320
25 125 9 777 7 1 1 17 10 320
25 125 10 778 6 1 1 17 9 320
25 125 11 779 5 1 1 17 8 320
25 125 12 780 4 1 1 17 7 320
25 125 13 781 3 1 1 17 6 320
25 125 14 782 2 1 1 17 5 320
25 125 15 783 1 1 1 17 4 320
25 125 16 784 32 1 1 17 3 320
25 125 17 785 31 1 1 17 2 320
25 125 18 786 30 1 1 17 1 320
25 125 19 787 29 1 1 17 0 320
25 125 20 788 28 1 1 16 11 320
25 125 21 789 27 1 1 16 10 320
25 125 22 790 26 1 1 16 9 320
25 125 23 791 25 1 1 16 8 320
25 125 24 792 24 1 1 16 7 320
25 125 25 793 23 1 1 16 6 320
25 125 26 794 22 1 1 16 5 320
25 125 27 795 21 1 1 16 4 320
25 125 28 796 20 1 1 16 3 320
25 125 29 797 19 1 1 16 2 320
25 125 30 798 18 1 1 16 1 320
25 125 31 799 17 1 1 16 0 320
26 126 0 800 16 1 1 21 3 320
26 126 1 801 15 1 1 21 2 320
26 126 2 802 14 1 1 21 1 320
26 126 3 803 13 1 1 21 0 320
26 126 4 804 12 1 1 20 11 320
26 126 5 805 11 1 1 20 10 320
26 126 6 806 10 1 1 20 9 320
26 126 7 807 9 1 1 20 8 320
26 126 8 808 8 1 1 20 7 320
26 126 9 809 7 1 1 20 6 320
26 126 10 810 6 1 1 20 5 320
26 126 11 811 5 1 1 20 4 320
26 126 12 812 4 1 1 20 3 320
26 126 13 813 3 1 1 20 2 320
26 126 14 814 2 1 1 20 1 320
26 126 15 815 1 1 1 20 0 320
26 126 16 816 32 1 1 19 11 320
26 126 17 817 31 1 1 19 10 320
26 126 18 818 30 1 1 19 9 320
26 126 19 819 29 1 1 19 8 320
26 126 20 820 28 1 1 19 7 320
26 126 21 821 27 1 1 19 6 320
26 126 22 822 26 1 1 19 5 320
26 126 23 823 25 1 1 19 4 320
26 126 24 824 24 1 1 19 3 320
26 126 25 825 23 1 1 19 2 320
26 126 26 826 22 1 1 19 1 320
26 126 27 827 21 1 1 19 0 320
26 126 28 828 20 1 1 18 11 320
26 126 29 829 19 1 1 18 10 320
26 126 30 830 18 1 1 18 9 320
26 126 31 831 17 1 1 18 8 320
27 127 0 832 16 1 1 23 11 320
27 127 1 833 15 1 1 23 10 320
27 127 2 834 14 1 1 23 9 320
27 127 3 835 13 1 1 23 8 320
27 127 4 836 12 1 1 23 7 320
27 127 5 837 11 1 1 23 6 320
27 127 6 838 10 1 1 23 5 320
27 127 7 839 9 1 1 23 4 320
27 127 8 840 8 1 1 23 3 320
27 127 9 841 7 1 1 23 2 320
27 127 10 842 6 1 1 23 1 320
27 127 11 843 5 1 1 23 0 320
27 127 12 844 4 1 1 22 11 320
27 127 13 845 3 1 1 22 10 320
27 127 14 846 2 1 1 22 9 320
27 127 15 847 1 1 1 22 8 320
27 127 16 848 32 1 1 22 7 320
27 127 17 849 31 1 1 22 6 320
27 127 18 850 30 1 1 22 5 320
27 127 19 851 29 1 1 22 4 320
27 127 20 852 28 1 1 22 3 320
27 127 21 853 27 1 1 22 2 320
27 127 22 854 26 1 1 22 1 320
27 127 23 855 25 1 1 22 0 320
27 127 24 856 24 1 1 21 11 320
27 127 25 857 23 1 1 21 10 320
27 127 26 858 22 1 1 21 9 320
27 127 27 859 21 1 1 21 8 320
27 127 28 860 20 1 1 21 7 320
27 127 29 861 19 1 1 21 6 320
27 127 30 862 18 1 1 21 5 320
27 127 31 863 17 1 1 21 4 320
28 128 0 864 16 0 1 2 7 280
28 128 1 865 15 0 1 2 6 280
28 128 2 866 14 0 1 2 5 280
28 128 3 867 13 0 1 2 4 280
28 128 4 868 12 0 1 2 3 280
28 128 5 869 11 0 1 2 2 280
28 128 6 870 10 0 1 2 1 280
28 128 7 871 9 0 1 2 0 280
28 128 8 872 8 0 1 1 11 280
28 128 9 873 7 0 1 1 10 280
28 128 10 874 6 0 1 1 9 280
28 128 11 875 5 0 1 1 8 280
28 128 12 876 4 0 1 1 7 280
28 128 13 877 3 0 1 1 6 280
28 128 14 878 2 0 1 1 5 280
28 128 15 879 1 0 1 1 4 280
28 128 16 880 32 0 1 1 3 280
28 128 17 881 31 0 1 1 2 280
28 128 18 882 30 0 1 1 1 280
28 128 19 883 29 0 1 1 0 280
28 128 20 884 28 0 1 0 11 280
28 128 21 885 27 0 1 0 10 280
28 128 22 886 26 0 1 0 9 280
28 128 23 887 25 0 1 0 8 280
28 128 24 888 24 0 1 0 7 280
28 128 25 889 23 0 1 0 6 280
28 128 26 890 22 0 1 0 5 280
28 128 27 891 21 0 1 0 4 280
28 128 28 892 20 0 1 0 3 280
28 128 29 893 19 0 1 0 2 280
28 128 30 894 18 0 1 0 1 280
28 128 31 895 17 0 1 0 0 280
29 129 0 896 16 0 1 5 3 280
29 129 1 897 15 0 1 5 2 280
29 129 2 898 14 0 1 5 1 280
29 129 3 899 13 0 1 5 0 280
29 129 4 900 12 0 1 4 11 280
29 129 5 901 11 0 1 4 10 280
29 129 6 902 10 0 1 4 9 280
29 129 7 903 9 0 1 4 8 280
29 129 8 904 8 0 1 4 7 280
29 129 9 905 7 0 1 4 6 280
29 129 10 906 6 0 1 4 5 280
29 129 11 907 5 0 1 4 4 280
29 129 12 908 4 0 1 4 3 280
29 129 13 909 3 0 1 4 2 280
29 129 14 910 2 0 1 4 1 280
29 129 15 911 1 0 1 4 0 280
29 129 16 912 32 0 1 3 11 280
29 129 17 913 31 0 1 3 10 280
29 129 18 914 30 0 1 3 9 280
29 129 19 915 29 0 1 3 8 280
29 129 20 916 28 0 1 3 7 280
29 129 21 917 27 0 1 3 6 280
29 129 22 918 26 0 1 3 5 280
29 129 23 919 25 0 1 3 4 280
29 129 24 920 24 0 1 3 3 280
29 129 25 921 23 0 1 3 2 280
29 129 26 922 22 0 1 3 1 280
29 129 27 923 21 0 1 3 0 280
29 129 28 924 20 0 1 2 11 280
29 129 29 925 19 0 1 2 10 280
29 129 30 926 18 0 1 2 9 280
29 129 31 927 17 0 1 2 8 280
30 130 0 928 16 0 1 7 11 280
30 130 1 929 15 0 1 7 10 280
30 130 2 930 14 0 1 7 9 280
30 130 3 931 13 0 1 7 8 280
30 130 4 932 12 0 1 7 7 280
30 130 5 933 11 0 1 7 6 280
30 130 6 934 10 0 1 7 5 280
30 130 7 935 9 0 1 7 4 280
30 130 8 936 8 0 1 7 3 280
30 130 9 937 7 0 1 7 2 280
30 130 10 938 6 0 1 7 1 280
30 130 11 939 5 0 1 7 0 280
30 130 12 940 4 0 1 6 11 280
30 130 13 941 3 0 1 6 10 280
30 130 14 942 2 0 1 6 9 280
30 130 15 943 1 0 1 6 8 280
30 130 16 944 32 0 1 6 7 280
30 130 17 945 31 0 1 6 6 280
30 130 18 946 30 0 1 6 5 280
30 130 19 947 29 0 1 6 4 280
30 130 20 948 28 0 1 6 3 280
30 130 21 949 27 0 1 6 2 280
30 130 22 950 26 0 1 6 1 280
30 130 23 951 25 0 1 6 0 280
30 130 24 952 24 0 1 5 11 280
30 130 25 953 23 0 1 5 10 280
30 130 26 954 22 0 1 5 9 280
30 130 27 955 21 0 1 5 8 280
30 130 28 956 20 0 1 5 7 280
30 130 29 957 19 0 1 5 6 280
30 130 30 958 18 0 1 5 5 280
30 130 31 959 17 0 1 5 4 280
31 131 0 960 16 0 1 10 7 280
31 131 1 961 15 0 1 10 6 280
31 131 2 962 14 0 1 10 5 280
31 131 3 963 13 0 1 10 4 280
31 131 4 964 12 0 1 10 3 280
31 131 5 965 11 0 1 10 2 280
31 131 6 966 10 0 1 10 1 280
31 131 7 967 9 0 1 10 0 280
31 131 8 968 8 0 1 9 11 280
31 131 9 969 7 0 1 9 10 280
31 131 10 970 6 0 1 9 9 280
31 131 11 971 5 0 1 9 8 280
31 131 12 972 4 0 1 9 7 280
31 131 13 973 3 0 1 9 6 280
31 131 14 974 2 0 1 9 5 280
31 131 15 975 1 0 1 9 4 280
31 131 16 976 32 0 1 9 3 280
31 131 17 977 31 0 1 9 2 280
31 131 18 978 30 0 1 9 1 280
31 131 19 979 29 0 1 9 0 280
31 131 20 980 28 0 1 8 11 280
31 131 21 981 27 0 1 8 10 280
31 131 22 982 26 0 1 8 9 280
31 131 23 983 25 0 1 8 8 280
31 131 24 984 24 0 1 8 7 280
31 131 25 985 23 0 1 8 6 280
31 131 26 986 22 0 1 8 5 280
31 131 27 987 21 0 1 8 4 280
31 131 28 988 20 0 1 8 3 280
31 131 29 989 19 0 1 8 2 280
31 131 30 990 18 0 1 8 1 280
31 131 31 991 17 0 1 8 0 280
32 132 0 992 16 0 1 13 3 280
32 132 1 993 15 0 1 13 2 280
32 132 2 994 14 0 1 13 1 280
32 132 3 995 13 0 1 13 0 280
32 132 4 996 12 0 1 12 11 280
32 132 5 997 11 0 1 12 10 280
32 132 6 998 10 0 1 12 9 280
32 132 7 999 9 0 1 12 8 280
32 132 8 1000 8 0 1 12 7 280
32 132 9 1001 7 0 1 12 6 280
32 132 10 1002 6 0 1 12 5 280
32 132 11 1003 5 0 1 12 4 280
32 132 12 1004 4 0 1 12 3 280
32 132 13 1005 3 0 1 12 2 280
32 132 14 1006 2 0 1 12 1 280
32 132 15 1007 1 0 1 12 0 280
32 132 16 1008 32 0 1 11 11 280
32 132 17 1009 31 0 1 11 10 280
32 132 18 1010 30 0 1 11 9 280
32 132 19 1011 29 0 1 11 8 280
32 132 20 1012 28 0 1 11 7 280
32 132 21 1013 27 0 1 11 6 280
32 132 22 1014 26 0 1 11 5 280
32 132 23 1015 25 0 1 11 4 280
32 132 24 1016 24 0 1 11 3 280
32 132 25 1017 23 0 1 11 2 280
32 132 26 1018 22 0 1 11 1 280
32 132 27 1019 21 0 1 11 0 280
32 132 28 1020 20 0 1 10 11 280
32 132 29 1021 19 0 1 10 10 280
32 132 30 1022 18 0 1 10 9 280
32 132 31 1023 17 0 1 10 8 280
33 133 0 1024 16 0 1 15 11 280
33 133 1 1025 15 0 1 15 10 280
33 133 2 1026 14 0 1 15 9 280
33 133 3 1027 13 0 1 15 8 280
33 133 4 1028 12 0 1 15 7 280
33 133 5 1029 11 0 1 15 6 280
33 133 6 1030 10 0 1 15 5 280
33 133 7 1031 9 0 1 15 4 280
33 133 8 1032 8 0 1 15 3 280
33 133 9 1033 7 0 1 15 2 280
33 133 10 1034 6 0 1 15 1 280
33 133 11 1035 5 0 1 15 0 280
33 133 12 1036 4 0 1 14 11 280
33 133 13 1037 3 0 1 14 10 280
33 133 14 1038 2 0 1 14 9 280
33 133 15 1039 1 0 1 14 8 280
33 133 16 1040 32 0 1 14 7 280
33 133 17 1041 31 0 1 14 6 280
33 133 18 1042 30 0 1 14 5 280
33 133 19 1043 29 0 1 14 4 280
33 133 20 1044 28 0 1 14 3 280
33 133 21 1045 27 0 1 14 2 280
33 133 22 1046 26 0 1 14 1 280
33 133 23 1047 25 0 1 14 0 280
33 133 24 1048 24 0 1 13 11 280
33 133 25 1049 23 0 1 13 10 280
33 133 26 1050 22 0 1 13 9 280
33 133 27 1051 21 0 1 13 8 280
33 133 28 1052 20 0 1 13 7 280
33 133 29 1053 19 0 1 13 6 280
33 133 30 1054 18 0 1 13 5 280
33 133 31 1055 17 0 1 13 4 280
34 134 0 1056 16 0 1 18 7 280
34 134 1 1057 15 0 1 18 6 280
34 134 2 1058 14 0 1 18 5 280
34 134 3 1059 13 0 1 18 4 280
34 134 4 1060 12 0 1 18 3 280
34 134 5 1061 11 0 1 18 2 280
34 134 6 1062 10 0 1 18 1 280
34 134 7 1063 9 0 1 18 0 280
34 134 8 1064 8 0 1 17 11 280
34 134 9 1065 7 0 1 17 10 280
34 134 10 1066 6 0 1 17 9 280
34 134 11 1067 5 0 1 17 8 280
34 134 12 1068 4 0 1 17 7 280
34 134 13 1069 3 0 1 17 6 280
34 134 14 1070 2 0 1 17 5 280
34 134 15 1071 1 0 1 17 4 280
34 134 16 1072 32 0 1 17 3 280
34 134 17 1073 31 0 1 17 2 280
34 134 18 1074 30 0 1 17 1 280
34 134 19 1075 29 0 1 17 0 280
34 134 20 1076 28 0 1 16 11 280
34 134 21 1077 27 0 1 16 10 280
34 134 22 1078 26 0 1 16 9 280
34 134 23 1079 25 0 1 16 8 280
34 134 24 1080 24 0 1 16 7 280
34 134 25 1081 23 0 1 16 6 280
34 134 26 1082 22 0 1 16 5 280
34 134 27 1083 21 0 1 16 4 280
34 134 28 1084 20 0 1 16 3 280
34 134 29 1085 19 0 1 16 2 280
34 134 30 1086 18 0 1 16 1 280
34 134 31 1087 17 0 1 16 0 280
35 135 0 1088 16 0 1 21 3 280
35 135 1 1089 15 0 1 21 2 280
35 135 2 1090 14 0 1 21 1 280
35 135 3 1091 13 0 1 21 0 280
35 135 4 1092 12 0 1 20 11 280
35 135 5 1093 11 0 1 20 10 280
35 135 6 1094 10 0 1 20 9 280
35 135 7 1095 9 0 1 20 8 280
35 135 8 1096 8 0 1 20 7 280
35 135 9 1097 7 0 1 20 6 280
35 135 10 1098 6 0 1 20 5 280
35 135 11 1099 5 0 1 20 4 280
35 135 12 1100 4 0 1 20 3 280
35 135 13 1101 3 0 1 20 2 280
35 135 14 1102 2 0 1 20 1 280
35 135 15 1103 1 0 1 20 0 280
35 135 16 1104 32 0 1 19 11 280
35 135 17 1105 31 0 1 19 10 280
35 135 18 1106 30 0 1 19 9 280
35 135 19 1107 29 0 1 19 8 280
35 135 20 1108 28 0 1 19 7 280
35 135 21 1109 27 0 1 19 6 280
35 135 22 1110 26 0 1 19 5 280
35 135 23 1111 25 0 1 19 4 280
35 135 24 1112 24 0 1 19 3 280
35 135 25 1113 23 0 1 19 2 280
35 135 26 1114 22 0 1 19 1 280
35 135 27 1115 21 0 1 19 0 280
35 135 28 1116 20 0 1 18 11 280
35 135 29 1117 19 0 1 18 10 280
35 135 30 1118 18 0 1 18 9 280
35 135 31 1119 17 0 1 18 8 280
36 136 0 1120 16 0 1 23 11 280
36 136 1 1121 15 0 1 23 10 280
36 136 2 1122 14 0 1 23 9 280
36 136 3 1123 13 0 1 23 8 280
36 136 4 1124 12 0 1 23 7 280
36 136 5 1125 11 0 1 23 6 280
36 136 6 1126 10 0 1 23 5 280
36 136 7 1127 9 0 1 23 4 280
36 136 8 1128 8 0 1 23 3 280
36 136 9 1129 7 0 1 23 2 280
36 136 10 1130 6 0 1 23 1 280
36 136 11 1131 5 0 1 23 0 280
36 136 12 1132 4 0 1 22 11 280
36 136 13 1133 3 0 1 22 10 280
36 136 14 1134 2 0 1 22 9 280
36 136 15 1135 1 0 1 22 8 280
36 136 16 1136 32 0 1 22 7 280
36 136 17 1137 31 0 1 22 6 280
36 136 18 1138 30 0 1 22 5 280
36 136 19 1139 29 0 1 22 4 280
36 136 20 1140 28 0 1 22 3 280
36 136 21 1141 27 0 1 22 2 280
36 136 22 1142 26 0 1 22 1 280
36 136 23 1143 25 0 1 22 0 280
36 136 24 1144 24 0 1 21 11 280
36 136 25 1145 23 0 1 21 10 280
36 136 26 1146 22 0 1 21 9 280
36 136 27 1147 21 0 1 21 8 280
36 136 28 1148 20 0 1 21 7 280
36 136 29 1149 19 0 1 21 6 280
36 136 30 1150 18 0 1 21 5 280
36 136 31 1151 17 0 1 21 4 280